[0,0] 0.0
[0,1] 13.892
[0,2] 21.024
[0,3] 32.558
[0,4] 17.205
[0,5] 14.142
[0,6] 11.402
[0,7] 26.42
[0,8] 22.023
[0,9] 23.087
[0,10] 28.32
[0,11] 12.042
[0,12] 8.062
[0,13] 29.155
[0,14] 18.111
[0,15] 24.739
[0,16] 22.023
[0,17] 17.263
[0,18] 14.765
[0,19] 31.906
[0,20] 32.45
[0,21] 32.062
[0,22] 20.809
[0,23] 22.023
[0,24] 25.06
[0,25] 23.087
[0,26] 28.16
[0,27] 8.0
[0,28] 29.967
[0,29] 29.12
[0,30] 30.871
[0,31] 29.833
[0,32] 10.0
[0,33] 34.0
[0,34] 31.78
[0,35] 39.408
[0,36] 43.932
[0,37] 18.111
[0,38] 15.811
[0,39] 38.288
[0,40] 42.202
[0,41] 30.48
[0,42] 31.321
[0,43] 34.655
[0,44] 25.0
[0,45] 31.321
[0,46] 2.236
[0,47] 9.434
[0,48] 15.811
[0,49] 21.633
[0,50] 26.173
[1,0] 13.892
[1,1] 0.0
[1,2] 12.369
[1,3] 19.209
[1,4] 31.064
[1,5] 22.204
[1,6] 16.763
[1,7] 22.825
[1,8] 11.662
[1,9] 24.207
[1,10] 34.015
[1,11] 12.083
[1,12] 20.881
[1,13] 41.869
[1,14] 26.926
[1,15] 36.014
[1,16] 18.601
[1,17] 30.676
[1,18] 27.586
[1,19] 45.793
[1,20] 20.881
[1,21] 26.926
[1,22] 7.071
[1,23] 21.587
[1,24] 29.0
[1,25] 33.106
[1,26] 18.868
[1,27] 8.062
[1,28] 16.155
[1,29] 21.378
[1,30] 32.65
[1,31] 17.0
[1,32] 6.083
[1,33] 42.953
[1,34] 30.61
[1,35] 27.313
[1,36] 31.064
[1,37] 30.414
[1,38] 18.788
[1,39] 43.046
[1,40] 56.036
[1,41] 44.204
[1,42] 44.944
[1,43] 34.176
[1,44] 37.656
[1,45] 42.048
[1,46] 13.928
[1,47] 23.324
[1,48] 12.369
[1,49] 26.401
[1,50] 24.207
[2,0] 21.024
[2,1] 12.369
[2,2] 0.0
[2,3] 15.297
[2,4] 37.014
[2,5] 21.024
[2,6] 28.071
[2,7] 34.928
[2,8] 22.204
[2,9] 16.279
[2,10] 28.071
[2,11] 10.63
[2,12] 24.759
[2,13] 50.12
[2,14] 37.656
[2,15] 35.468
[2,16] 8.544
[2,17] 34.059
[2,18] 35.777
[2,19] 50.912
[2,20] 12.042
[2,21] 14.765
[2,22] 10.63
[2,23] 33.956
[2,24] 41.11
[2,25] 43.417
[2,26] 29.069
[2,27] 19.026
[2,28] 18.974
[2,29] 9.055
[2,30] 23.77
[2,31] 23.324
[2,32] 11.402
[2,33] 39.115
[2,34] 20.0
[2,35] 19.105
[2,36] 24.413
[2,37] 31.906
[2,38] 14.56
[2,39] 35.44
[2,40] 61.522
[2,41] 50.448
[2,42] 48.01
[2,43] 46.487
[2,44] 38.949
[2,45] 40.262
[2,46] 19.723
[2,47] 29.411
[2,48] 24.739
[2,49] 21.024
[2,50] 13.892
[3,0] 32.558
[3,1] 19.209
[3,2] 15.297
[3,3] 0.0
[3,4] 49.679
[3,5] 36.056
[3,6] 35.355
[3,7] 35.014
[3,8] 21.095
[3,9] 31.0
[3,10] 43.012
[3,11] 25.08
[3,12] 38.275
[3,13] 61.074
[3,14] 45.651
[3,15] 50.596
[3,16] 23.0
[3,17] 48.021
[3,18] 46.755
[3,19] 64.203
[3,20] 7.81
[3,21] 24.166
[3,22] 12.207
[3,23] 36.674
[3,24] 45.607
[3,25] 51.971
[3,26] 25.318
[3,27] 27.203
[3,28] 9.487
[3,29] 17.088
[3,30] 37.483
[3,31] 15.811
[3,32] 22.804
[3,33] 54.332
[3,34] 32.28
[3,35] 10.05
[3,36] 12.083
[3,37] 46.519
[3,38] 29.833
[3,39] 49.497
[3,40] 74.653
[3,41] 63.032
[3,42] 62.266
[3,43] 47.0
[3,44] 53.712
[3,45] 55.543
[3,46] 32.016
[3,47] 41.869
[3,48] 28.46
[3,49] 36.222
[3,50] 27.295
[4,0] 17.205
[4,1] 31.064
[4,2] 37.014
[4,3] 49.679
[4,4] 0.0
[4,5] 20.396
[4,6] 21.024
[4,7] 37.121
[4,8] 37.643
[4,9] 32.757
[4,10] 31.401
[4,11] 26.627
[4,12] 12.53
[4,13] 15.033
[4,14] 17.889
[4,15] 18.868
[4,16] 35.341
[4,17] 7.616
[4,18] 7.616
[4,19] 14.765
[4,20] 48.918
[4,21] 44.944
[4,22] 38.013
[4,23] 31.257
[4,24] 28.636
[4,25] 17.692
[4,26] 42.579
[4,27] 24.166
[4,28] 47.011
[4,29] 43.909
[4,30] 38.013
[4,31] 46.239
[4,32] 26.907
[4,33] 30.529
[4,34] 41.593
[4,35] 55.973
[4,36] 60.811
[4,37] 12.649
[4,38] 26.571
[4,39] 40.522
[4,40] 25.0
[4,41] 13.454
[4,42] 16.031
[4,43] 40.853
[4,44] 14.866
[4,45] 24.839
[4,46] 17.692
[4,47] 7.81
[4,48] 29.428
[4,49] 28.071
[4,50] 37.643
[5,0] 14.142
[5,1] 22.204
[5,2] 21.024
[5,3] 36.056
[5,4] 20.396
[5,5] 0.0
[5,6] 25.495
[5,7] 40.224
[5,8] 33.242
[5,9] 12.369
[5,10] 14.213
[5,11] 11.18
[5,12] 9.22
[5,13] 35.355
[5,14] 30.463
[5,15] 14.56
[5,16] 16.279
[5,17] 14.765
[5,18] 23.195
[5,19] 31.906
[5,20] 32.757
[5,21] 25.06
[5,22] 27.074
[5,23] 36.125
[5,24] 38.833
[5,25] 33.956
[5,26] 40.162
[5,27] 20.591
[5,28] 37.121
[5,29] 25.456
[5,30] 18.248
[5,31] 39.115
[5,32] 16.125
[5,33] 20.881
[5,34] 21.213
[5,35] 39.661
[5,36] 45.277
[5,37] 11.314
[5,38] 7.071
[5,39] 24.207
[5,40] 42.438
[5,41] 32.696
[5,42] 27.586
[5,43] 48.795
[5,44] 18.028
[5,45] 20.025
[5,46] 12.042
[5,47] 15.133
[5,48] 29.155
[5,49] 8.246
[5,50] 17.464
[6,0] 11.402
[6,1] 16.763
[6,2] 28.071
[6,3] 35.355
[6,4] 21.024
[6,5] 25.495
[6,6] 0.0
[6,7] 16.492
[6,8] 18.028
[6,9] 34.015
[6,10] 39.699
[6,11] 21.84
[6,12] 18.028
[6,13] 27.203
[6,14] 10.296
[6,15] 34.438
[6,16] 31.575
[6,17] 24.739
[6,18] 14.56
[6,19] 34.928
[6,20] 37.643
[6,21] 41.304
[6,22] 23.259
[6,23] 11.18
[6,24] 13.928
[6,25] 16.643
[6,26] 21.84
[6,27] 9.055
[6,28] 29.732
[6,29] 37.014
[6,30] 42.059
[6,31] 27.203
[6,32] 17.029
[6,33] 44.654
[6,34] 42.379
[6,35] 44.011
[6,36] 47.413
[6,37] 27.313
[6,38] 26.833
[6,39] 49.679
[6,40] 44.011
[6,41] 31.953
[6,42] 37.0
[6,43] 23.345
[6,44] 33.242
[6,45] 41.146
[6,46] 13.601
[6,47] 15.524
[6,48] 8.944
[6,49] 33.015
[6,50] 36.401
[7,0] 26.42
[7,1] 22.825
[7,2] 34.928
[7,3] 35.014
[7,4] 37.121
[7,5] 40.224
[7,6] 16.492
[7,7] 0.0
[7,8] 14.036
[7,9] 46.098
[7,10] 54.037
[7,11] 33.302
[7,12] 34.015
[7,13] 39.85
[7,14] 21.587
[7,15] 50.695
[7,16] 41.34
[7,17] 41.231
[7,18] 30.0
[7,19] 50.16
[7,20] 40.311
[7,21] 49.659
[7,22] 25.71
[7,23] 6.083
[7,24] 14.213
[7,25] 26.926
[7,26] 11.18
[7,27] 19.849
[7,28] 26.306
[7,29] 43.658
[7,30] 54.562
[7,31] 20.881
[7,32] 27.019
[7,33] 60.415
[7,34] 53.254
[7,35] 45.0
[7,36] 46.39
[7,37] 43.658
[7,38] 39.598
[7,39] 63.781
[7,40] 58.249
[7,41] 46.53
[7,42] 53.151
[7,43] 12.042
[7,44] 49.729
[7,45] 57.385
[7,46] 28.302
[7,47] 32.016
[7,48] 11.314
[7,49] 46.755
[7,50] 46.872
[8,0] 22.023
[8,1] 11.662
[8,2] 22.204
[8,3] 21.095
[8,4] 37.643
[8,5] 33.242
[8,6] 18.028
[8,7] 14.036
[8,8] 0.0
[8,9] 35.805
[8,10] 45.618
[8,11] 23.707
[8,12] 30.0
[8,13] 45.222
[8,14] 27.586
[8,15] 46.271
[8,16] 29.698
[8,17] 39.205
[8,18] 32.202
[8,19] 52.202
[8,20] 26.306
[8,21] 36.892
[8,22] 12.083
[8,23] 15.811
[8,24] 25.08
[8,25] 33.941
[8,26] 7.211
[8,27] 14.036
[8,28] 13.0
[8,29] 30.414
[8,30] 44.204
[8,31] 9.22
[8,32] 17.464
[8,33] 54.12
[8,34] 41.725
[8,35] 31.016
[8,36] 32.757
[8,37] 40.012
[8,38] 30.414
[8,39] 54.708
[8,40] 61.741
[8,41] 49.659
[8,42] 52.953
[8,43] 26.077
[8,44] 47.011
[8,45] 52.612
[8,46] 23.022
[8,47] 30.594
[8,48] 9.22
[8,49] 38.013
[8,50] 35.355
[9,0] 23.087
[9,1] 24.207
[9,2] 16.279
[9,3] 31.0
[9,4] 32.757
[9,5] 12.369
[9,6] 34.015
[9,7] 46.098
[9,8] 35.805
[9,9] 0.0
[9,10] 12.042
[9,11] 12.806
[9,12] 21.024
[9,13] 47.676
[9,14] 41.0
[9,15] 23.345
[9,16] 8.0
[9,17] 26.926
[9,18] 35.0
[9,19] 43.829
[9,20] 25.495
[9,21] 13.454
[9,22] 26.0
[9,23] 43.267
[9,24] 47.927
[9,25] 45.277
[9,26] 43.012
[9,27] 26.627
[9,28] 35.171
[9,29] 16.155
[9,30] 8.485
[9,31] 39.0
[9,32] 19.105
[9,33] 23.77
[9,34] 9.0
[9,35] 31.623
[9,36] 37.643
[9,37] 22.825
[9,38] 7.28
[9,39] 19.313
[9,40] 54.203
[9,41] 44.944
[9,42] 38.601
[9,43] 56.303
[9,44] 28.425
[9,45] 26.42
[9,46] 20.881
[9,47] 27.019
[9,48] 34.828
[9,49] 6.403
[9,50] 5.657
[10,0] 28.32
[10,1] 34.015
[10,2] 28.071
[10,3] 43.012
[10,4] 31.401
[10,5] 14.213
[10,6] 39.699
[10,7] 54.037
[10,8] 45.618
[10,9] 12.042
[10,10] 0.0
[10,11] 21.932
[10,12] 22.825
[10,13] 46.174
[10,14] 44.294
[10,15] 15.811
[10,16] 20.025
[10,17] 24.083
[10,18] 36.056
[10,19] 38.833
[10,20] 37.483
[10,21] 23.707
[10,22] 37.108
[10,23] 50.21
[10,24] 53.009
[10,25] 47.17
[10,26] 52.773
[10,27] 34.205
[10,28] 46.69
[10,29] 27.893
[10,30] 9.22
[10,31] 50.0
[10,32] 28.178
[10,33] 12.083
[10,34] 15.62
[10,35] 43.417
[10,36] 49.477
[10,37] 19.026
[10,38] 15.232
[10,39] 10.0
[10,40] 48.384
[10,41] 41.195
[10,42] 31.953
[10,43] 62.968
[10,44] 21.84
[10,45] 16.279
[10,46] 26.173
[10,47] 28.231
[10,48] 42.802
[10,49] 7.616
[10,50] 16.763
[11,0] 12.042
[11,1] 12.083
[11,2] 10.63
[11,3] 25.08
[11,4] 26.627
[11,5] 11.18
[11,6] 21.84
[11,7] 33.302
[11,8] 23.707
[11,9] 12.806
[11,10] 21.932
[11,11] 0.0
[11,12] 14.213
[11,13] 40.311
[11,14] 30.017
[11,15] 25.71
[11,16] 10.0
[11,17] 23.431
[11,18] 26.249
[11,19] 40.311
[11,20] 22.672
[11,21] 20.025
[11,22] 16.0
[11,23] 30.529
[11,24] 35.735
[11,25] 35.128
[11,26] 30.887
[11,27] 13.892
[11,28] 26.019
[11,29] 17.464
[11,30] 21.26
[11,31] 28.443
[11,32] 6.403
[11,33] 31.257
[11,34] 20.616
[11,35] 29.732
[11,36] 35.0
[11,37] 21.471
[11,38] 6.708
[11,39] 31.064
[11,40] 50.931
[11,41] 40.0
[11,42] 37.443
[11,43] 43.566
[11,44] 28.636
[11,45] 31.145
[11,46] 10.198
[11,47] 19.235
[11,48] 22.023
[11,49] 14.318
[11,50] 14.56
[12,0] 8.062
[12,1] 20.881
[12,2] 24.759
[12,3] 38.275
[12,4] 12.53
[12,5] 9.22
[12,6] 18.028
[12,7] 34.015
[12,8] 30.0
[12,9] 21.024
[12,10] 22.825
[12,11] 14.213
[12,12] 0.0
[12,13] 26.926
[12,14] 21.471
[12,15] 16.763
[12,16] 22.847
[12,17] 9.849
[12,18] 14.036
[12,19] 26.173
[12,20] 36.77
[12,21] 32.573
[12,22] 27.313
[12,23] 29.155
[12,24] 30.48
[12,25] 24.739
[12,26] 36.222
[12,27] 16.031
[12,28] 37.0
[12,29] 31.385
[12,30] 27.459
[12,31] 37.483
[12,32] 15.652
[12,33] 26.627
[12,34] 30.017
[12,35] 43.841
[12,36] 48.918
[12,37] 10.05
[12,38] 14.318
[12,39] 32.757
[12,40] 36.77
[12,41] 25.807
[12,42] 24.166
[12,43] 41.231
[12,44] 17.029
[12,45] 23.409
[12,46] 7.071
[12,47] 6.0
[12,48] 23.77
[12,49] 17.464
[12,50] 25.495
[13,0] 29.155
[13,1] 41.869
[13,2] 50.12
[13,3] 61.074
[13,4] 15.033
[13,5] 35.355
[13,6] 27.203
[13,7] 39.85
[13,8] 45.222
[13,9] 47.676
[13,10] 46.174
[13,11] 40.311
[13,12] 26.926
[13,13] 0.0
[13,14] 18.385
[13,15] 32.28
[13,16] 49.649
[13,17] 22.091
[13,18] 14.422
[13,19] 14.422
[13,20] 61.587
[13,21] 59.481
[13,22] 48.918
[13,23] 33.838
[13,24] 27.166
[13,25] 13.153
[13,26] 48.301
[13,27] 33.971
[13,28] 56.639
[13,29] 57.775
[13,30] 53.038
[13,31] 54.406
[13,32] 39.115
[13,33] 43.658
[13,34] 56.569
[13,35] 68.505
[13,36] 72.801
[13,37] 27.166
[13,38] 41.231
[13,39] 54.918
[13,40] 19.0
[13,41] 9.434
[13,42] 21.932
[13,43] 39.0
[13,44] 26.926
[13,45] 37.162
[13,46] 30.414
[13,47] 21.19
[13,48] 36.056
[13,49] 43.105
[13,50] 52.393
[14,0] 18.111
[14,1] 26.926
[14,2] 37.656
[14,3] 45.651
[14,4] 17.889
[14,5] 30.463
[14,6] 10.296
[14,7] 21.587
[14,8] 27.586
[14,9] 41.0
[14,10] 44.294
[14,11] 30.017
[14,12] 21.471
[14,13] 18.385
[14,14] 0.0
[14,15] 35.384
[14,16] 40.012
[14,17] 24.207
[14,18] 10.296
[14,19] 29.017
[14,20] 47.76
[14,21] 50.0
[14,22] 33.541
[14,23] 15.524
[14,24] 10.77
[14,25] 6.403
[14,26] 30.017
[14,27] 18.974
[14,28] 39.825
[14,29] 46.39
[14,30] 48.384
[14,31] 36.797
[14,32] 26.306
[14,33] 46.69
[14,34] 49.82
[14,35] 54.231
[14,36] 57.706
[14,37] 28.284
[14,38] 33.734
[14,39] 54.203
[14,40] 36.674
[14,41] 25.08
[14,42] 33.242
[14,43] 23.087
[14,44] 32.45
[14,45] 41.869
[14,46] 20.224
[14,47] 16.401
[14,48] 18.385
[14,49] 38.626
[14,50] 44.283
[15,0] 24.739
[15,1] 36.014
[15,2] 35.468
[15,3] 50.596
[15,4] 18.868
[15,5] 14.56
[15,6] 34.438
[15,7] 50.695
[15,8] 46.271
[15,9] 23.345
[15,10] 15.811
[15,11] 25.71
[15,12] 16.763
[15,13] 32.28
[15,14] 35.384
[15,15] 0.0
[15,16] 29.682
[15,17] 11.402
[15,18] 25.495
[15,19] 23.195
[15,20] 46.957
[15,21] 36.77
[15,22] 41.437
[15,23] 45.618
[15,24] 45.607
[15,25] 36.401
[15,26] 52.773
[15,27] 32.558
[15,28] 51.478
[15,29] 38.833
[15,30] 24.597
[15,31] 53.009
[15,32] 30.067
[15,33] 11.662
[15,34] 30.232
[15,35] 53.712
[15,36] 59.481
[15,37] 7.211
[15,38] 21.024
[15,39] 23.022
[15,40] 32.573
[15,41] 26.019
[15,42] 16.155
[15,43] 57.14
[15,44] 6.083
[15,45] 6.708
[15,46] 23.345
[15,47] 19.416
[15,48] 40.522
[15,49] 16.971
[15,50] 29.0
[16,0] 22.023
[16,1] 18.601
[16,2] 8.544
[16,3] 23.0
[16,4] 35.341
[16,5] 16.279
[16,6] 31.575
[16,7] 41.34
[16,8] 29.698
[16,9] 8.0
[16,10] 20.025
[16,11] 10.0
[16,12] 22.847
[16,13] 49.649
[16,14] 40.012
[16,15] 29.682
[16,16] 0.0
[16,17] 30.806
[16,18] 35.903
[16,19] 48.01
[16,20] 17.72
[16,21] 10.05
[16,22] 18.868
[16,23] 39.395
[16,24] 45.354
[16,25] 45.1
[16,26] 36.797
[16,27] 23.087
[16,28] 27.514
[16,29] 9.22
[16,30] 15.232
[16,31] 31.765
[16,32] 14.866
[16,33] 31.575
[16,34] 12.042
[16,35] 24.166
[16,36] 30.083
[16,37] 27.586
[16,38] 9.22
[16,39] 26.926
[16,40] 58.6
[16,41] 48.374
[16,42] 43.841
[16,43] 52.326
[16,44] 34.059
[16,45] 33.615
[16,46] 20.1
[16,47] 28.46
[16,48] 30.414
[16,49] 13.601
[16,50] 5.657
[17,0] 17.263
[17,1] 30.676
[17,2] 34.059
[17,3] 48.021
[17,4] 7.616
[17,5] 14.765
[17,6] 24.739
[17,7] 41.231
[17,8] 39.205
[17,9] 26.926
[17,10] 24.083
[17,11] 23.431
[17,12] 9.849
[17,13] 22.091
[17,14] 24.207
[17,15] 11.402
[17,16] 30.806
[17,17] 0.0
[17,18] 14.142
[17,19] 17.205
[17,20] 46.098
[17,21] 39.825
[17,22] 37.162
[17,23] 35.735
[17,24] 34.67
[17,25] 25.0
[17,26] 45.0
[17,27] 25.179
[17,28] 46.819
[17,29] 39.825
[17,30] 31.257
[17,31] 47.074
[17,32] 25.495
[17,33] 23.022
[17,34] 35.44
[17,35] 53.151
[17,36] 58.412
[17,37] 5.099
[17,38] 21.633
[17,39] 32.985
[17,40] 27.803
[17,41] 18.028
[17,42] 14.318
[17,43] 46.53
[17,44] 8.544
[17,45] 17.692
[17,46] 16.763
[17,47] 9.22
[17,48] 32.062
[17,49] 21.587
[17,50] 32.202
[18,0] 14.765
[18,1] 27.586
[18,2] 35.777
[18,3] 46.755
[18,4] 7.616
[18,5] 23.195
[18,6] 14.56
[18,7] 30.0
[18,8] 32.202
[18,9] 35.0
[18,10] 36.056
[18,11] 26.249
[18,12] 14.036
[18,13] 14.422
[18,14] 10.296
[18,15] 25.495
[18,16] 35.903
[18,17] 14.142
[18,18] 0.0
[18,19] 20.396
[18,20] 47.17
[18,21] 45.891
[18,22] 34.655
[18,23] 24.021
[18,24] 21.024
[18,25] 11.18
[18,26] 36.401
[18,27] 19.849
[18,28] 42.802
[18,29] 43.658
[18,30] 41.437
[18,31] 41.183
[18,32] 24.698
[18,33] 37.014
[18,34] 44.0
[18,35] 54.083
[18,36] 58.412
[18,37] 18.601
[18,38] 28.071
[18,39] 45.695
[18,40] 29.547
[18,41] 17.464
[18,42] 23.345
[18,43] 33.242
[18,44] 22.204
[18,45] 31.828
[18,46] 16.155
[18,47] 8.062
[18,48] 23.409
[18,49] 31.401
[18,50] 39.205
[19,0] 31.906
[19,1] 45.793
[19,2] 50.912
[19,3] 64.203
[19,4] 14.765
[19,5] 31.906
[19,6] 34.928
[19,7] 50.16
[19,8] 52.202
[19,9] 43.829
[19,10] 38.833
[19,11] 40.311
[19,12] 26.173
[19,13] 14.422
[19,14] 29.017
[19,15] 23.195
[19,16] 48.01
[19,17] 17.205
[19,18] 20.396
[19,19] 0.0
[19,20] 62.936
[19,21] 56.939
[19,22] 52.697
[19,23] 44.102
[19,24] 39.319
[19,25] 25.71
[19,26] 56.754
[19,27] 38.91
[19,28] 61.774
[19,29] 57.009
[19,30] 47.127
[19,31] 60.926
[19,32] 41.4
[19,33] 33.136
[19,34] 52.0
[19,35] 70.007
[19,36] 75.073
[19,37] 21.024
[19,38] 38.833
[19,39] 46.043
[19,40] 10.63
[19,41] 5.0
[19,42] 8.544
[19,43] 51.624
[19,44] 17.117
[19,45] 26.173
[19,46] 32.202
[19,47] 22.472
[19,48] 43.681
[19,49] 38.079
[19,50] 49.244
[20,0] 32.45
[20,1] 20.881
[20,2] 12.042
[20,3] 7.81
[20,4] 48.918
[20,5] 32.757
[20,6] 37.643
[20,7] 40.311
[20,8] 26.306
[20,9] 25.495
[20,10] 37.483
[20,11] 22.672
[20,12] 36.77
[20,13] 61.587
[20,14] 47.76
[20,15] 46.957
[20,16] 17.72
[20,17] 46.098
[20,18] 47.17
[20,19] 62.936
[20,20] 0.0
[20,21] 16.763
[20,22] 15.033
[20,23] 41.012
[20,24] 49.366
[20,25] 53.852
[20,26] 31.623
[20,27] 28.792
[20,28] 16.643
[20,29] 10.05
[20,30] 31.016
[20,31] 22.825
[20,32] 22.472
[20,33] 49.244
[20,34] 25.318
[20,35] 7.071
[20,36] 12.53
[20,37] 43.829
[20,38] 25.942
[20,39] 43.046
[20,40] 73.539
[20,41] 62.37
[20,42] 60.0
[20,43] 52.345
[20,44] 50.774
[20,45] 51.264
[20,46] 31.401
[20,47] 41.231
[20,48] 32.14
[20,49] 31.321
[20,50] 21.024
[21,0] 32.062
[21,1] 26.926
[21,2] 14.765
[21,3] 24.166
[21,4] 44.944
[21,5] 25.06
[21,6] 41.304
[21,7] 49.659
[21,8] 36.892
[21,9] 13.454
[21,10] 23.707
[21,11] 20.025
[21,12] 32.573
[21,13] 59.481
[21,14] 50.0
[21,15] 36.77
[21,16] 10.05
[21,17] 39.825
[21,18] 45.891
[21,19] 56.939
[21,20] 16.763
[21,21] 0.0
[21,22] 25.0
[21,23] 48.384
[21,24] 54.918
[21,25] 55.145
[21,26] 43.6
[21,27] 32.558
[21,28] 31.401
[21,29] 7.211
[21,30] 15.524
[21,31] 36.797
[21,32] 24.331
[21,33] 35.777
[21,34] 9.055
[21,35] 21.0
[21,36] 27.019
[21,37] 36.056
[21,38] 18.385
[21,39] 27.166
[21,40] 67.417
[21,41] 57.697
[21,42] 52.01
[21,43] 61.098
[21,44] 41.869
[21,45] 39.408
[21,46] 30.15
[21,47] 38.328
[21,48] 39.217
[21,49] 19.799
[21,50] 7.81
[22,0] 20.809
[22,1] 7.071
[22,2] 10.63
[22,3] 12.207
[22,4] 38.013
[22,5] 27.074
[22,6] 23.259
[22,7] 25.71
[22,8] 12.083
[22,9] 26.0
[22,10] 37.108
[22,11] 16.0
[22,12] 27.313
[22,13] 48.918
[22,14] 33.541
[22,15] 41.437
[22,16] 18.868
[22,17] 37.162
[22,18] 34.655
[22,19] 52.697
[22,20] 15.033
[22,21] 25.0
[22,22] 0.0
[22,23] 26.0
[22,24] 34.366
[22,25] 39.825
[22,26] 18.601
[22,27] 15.0
[22,28] 10.05
[22,29] 18.358
[22,30] 34.0
[22,31] 13.0
[22,32] 11.705
[22,33] 47.17
[22,34] 30.61
[22,35] 20.881
[22,36] 24.187
[22,37] 36.401
[22,38] 22.204
[22,39] 45.31
[22,40] 63.008
[22,41] 51.225
[22,42] 51.478
[22,43] 37.656
[22,44] 43.681
[22,45] 47.096
[22,46] 20.591
[22,47] 30.232
[22,48] 17.117
[22,49] 29.614
[22,50] 24.413
[23,0] 22.023
[23,1] 21.587
[23,2] 33.956
[23,3] 36.674
[23,4] 31.257
[23,5] 36.125
[23,6] 11.18
[23,7] 6.083
[23,8] 15.811
[23,9] 43.267
[23,10] 50.21
[23,11] 30.529
[23,12] 29.155
[23,13] 33.838
[23,14] 15.524
[23,15] 45.618
[23,16] 39.395
[23,17] 35.735
[23,18] 24.021
[23,19] 44.102
[23,20] 41.012
[23,21] 48.384
[23,22] 26.0
[23,23] 0.0
[23,24] 9.434
[23,25] 21.024
[23,26] 15.556
[23,27] 16.643
[23,28] 28.792
[23,29] 42.953
[23,30] 51.614
[23,31] 24.187
[23,32] 24.597
[23,33] 55.758
[23,34] 51.0
[23,35] 46.39
[23,36] 48.508
[23,37] 38.484
[23,38] 36.401
[23,39] 60.108
[23,40] 52.173
[23,41] 40.447
[23,42] 47.265
[23,43] 13.038
[23,44] 44.272
[23,45] 52.326
[23,46] 24.083
[23,47] 26.571
[23,48] 9.22
[23,49] 43.186
[23,50] 44.721
[24,0] 25.06
[24,1] 29.0
[24,2] 41.11
[24,3] 45.607
[24,4] 28.636
[24,5] 38.833
[24,6] 13.928
[24,7] 14.213
[24,8] 25.08
[24,9] 47.927
[24,10] 53.009
[24,11] 35.735
[24,12] 30.48
[24,13] 27.166
[24,14] 10.77
[24,15] 45.607
[24,16] 45.354
[24,17] 34.67
[24,18] 21.024
[24,19] 39.319
[24,20] 49.366
[24,21] 54.918
[24,22] 34.366
[24,23] 9.434
[24,24] 0.0
[24,25] 14.036
[24,26] 24.839
[24,27] 22.361
[24,28] 38.079
[24,29] 50.16
[24,30] 55.902
[24,31] 33.615
[24,32] 30.594
[24,33] 56.639
[24,34] 56.303
[24,35] 55.109
[24,36] 57.567
[24,37] 38.419
[24,38] 40.719
[24,39] 63.008
[24,40] 46.098
[24,41] 35.057
[24,42] 43.966
[24,43] 12.369
[24,44] 43.046
[24,45] 52.202
[24,46] 27.295
[24,47] 26.249
[24,48] 17.263
[24,49] 46.648
[24,50] 50.289
[25,0] 23.087
[25,1] 33.106
[25,2] 43.417
[25,3] 51.971
[25,4] 17.692
[25,5] 33.956
[25,6] 16.643
[25,7] 26.926
[25,8] 33.941
[25,9] 45.277
[25,10] 47.17
[25,11] 35.128
[25,12] 24.739
[25,13] 13.153
[25,14] 6.403
[25,15] 36.401
[25,16] 45.1
[25,17] 25.0
[25,18] 11.18
[25,19] 25.71
[25,20] 53.852
[25,21] 55.145
[25,22] 39.825
[25,23] 21.024
[25,24] 14.036
[25,25] 0.0
[25,26] 36.056
[25,27] 25.08
[25,28] 46.228
[25,29] 51.971
[25,30] 52.173
[25,31] 43.139
[25,32] 32.016
[25,33] 48.01
[25,34] 54.231
[25,35] 60.415
[25,36] 64.008
[25,37] 29.682
[25,38] 38.118
[25,39] 56.859
[25,40] 32.062
[25,41] 21.213
[25,42] 31.305
[25,43] 26.077
[25,44] 32.527
[25,45] 42.521
[25,46] 25.02
[25,47] 18.974
[25,48] 24.759
[25,49] 42.202
[25,50] 49.01
[26,0] 28.16
[26,1] 18.868
[26,2] 29.069
[26,3] 25.318
[26,4] 42.579
[26,5] 40.162
[26,6] 21.84
[26,7] 11.18
[26,8] 7.211
[26,9] 43.012
[26,10] 52.773
[26,11] 30.887
[26,12] 36.222
[26,13] 48.301
[26,14] 30.017
[26,15] 52.773
[26,16] 36.797
[26,17] 45.0
[26,18] 36.401
[26,19] 56.754
[26,20] 31.623
[26,21] 43.6
[26,22] 18.601
[26,23] 15.556
[26,24] 24.839
[26,25] 36.056
[26,26] 0.0
[26,27] 20.224
[26,28] 16.031
[26,29] 36.892
[26,30] 51.4
[26,31] 10.05
[26,32] 24.597
[26,33] 61.033
[26,34] 48.795
[26,35] 35.355
[26,36] 36.014
[26,37] 46.271
[26,38] 37.59
[26,39] 61.911
[26,40] 65.788
[26,41] 53.759
[26,42] 58.31
[26,43] 22.361
[26,44] 53.085
[26,45] 59.228
[26,46] 29.428
[26,47] 36.056
[26,48] 13.153
[26,49] 45.177
[26,50] 42.45
[27,0] 8.0
[27,1] 8.062
[27,2] 19.026
[27,3] 27.203
[27,4] 24.166
[27,5] 20.591
[27,6] 9.055
[27,7] 19.849
[27,8] 14.036
[27,9] 26.627
[27,10] 34.205
[27,11] 13.892
[27,12] 16.031
[27,13] 33.971
[27,14] 18.974
[27,15] 32.558
[27,16] 23.087
[27,17] 25.179
[27,18] 19.849
[27,19] 38.91
[27,20] 28.792
[27,21] 32.558
[27,22] 15.0
[27,23] 16.643
[27,24] 22.361
[27,25] 25.08
[27,26] 20.224
[27,27] 0.0
[27,28] 23.022
[27,29] 28.0
[27,30] 35.0
[27,31] 22.136
[27,32] 8.246
[27,33] 41.231
[27,34] 34.438
[27,35] 35.341
[27,36] 39.115
[27,37] 26.077
[27,38] 19.849
[27,39] 43.932
[27,40] 48.877
[27,41] 36.892
[27,42] 39.051
[27,43] 29.682
[27,44] 33.0
[27,45] 39.051
[27,46] 9.22
[27,47] 16.763
[27,48] 8.602
[27,49] 26.907
[27,50] 28.231
[28,0] 29.967
[28,1] 16.155
[28,2] 18.974
[28,3] 9.487
[28,4] 47.011
[28,5] 37.121
[28,6] 29.732
[28,7] 26.306
[28,8] 13.0
[28,9] 35.171
[28,10] 46.69
[28,11] 26.019
[28,12] 37.0
[28,13] 56.639
[28,14] 39.825
[28,15] 51.478
[28,16] 27.514
[28,17] 46.819
[28,18] 42.802
[28,19] 61.774
[28,20] 16.643
[28,21] 31.401
[28,22] 10.05
[28,23] 28.792
[28,24] 38.079
[28,25] 46.228
[28,26] 16.031
[28,27] 23.022
[28,28] 0.0
[28,29] 24.207
[28,30] 42.72
[28,31] 6.325
[28,32] 21.587
[28,33] 57.079
[28,34] 38.471
[28,35] 19.416
[28,36] 20.1
[28,37] 46.325
[28,38] 32.062
[28,39] 54.406
[28,40] 71.868
[28,41] 59.908
[28,42] 61.098
[28,43] 38.118
[28,44] 53.6
[28,45] 57.14
[28,46] 30.083
[28,47] 39.357
[28,48] 21.633
[28,49] 39.319
[28,50] 32.696
[29,0] 29.12
[29,1] 21.378
[29,2] 9.055
[29,3] 17.088
[29,4] 43.909
[29,5] 25.456
[29,6] 37.014
[29,7] 43.658
[29,8] 30.414
[29,9] 16.155
[29,10] 27.893
[29,11] 17.464
[29,12] 31.385
[29,13] 57.775
[29,14] 46.39
[29,15] 38.833
[29,16] 9.22
[29,17] 39.825
[29,18] 43.658
[29,19] 57.009
[29,20] 10.05
[29,21] 7.211
[29,22] 18.358
[29,23] 42.953
[29,24] 50.16
[29,25] 51.971
[29,26] 36.892
[29,27] 28.0
[29,28] 24.207
[29,29] 0.0
[29,30] 21.0
[29,31] 29.698
[29,32] 20.1
[29,33] 39.85
[29,34] 15.297
[29,35] 15.524
[29,36] 21.587
[29,37] 36.77
[29,38] 18.385
[29,39] 33.015
[29,40] 67.624
[29,41] 57.14
[29,42] 53.038
[29,43] 55.362
[29,44] 43.278
[29,45] 42.485
[29,46] 27.514
[29,47] 36.674
[29,48] 33.734
[29,49] 22.361
[29,50] 11.18
[30,0] 30.871
[30,1] 32.65
[30,2] 23.77
[30,3] 37.483
[30,4] 38.013
[30,5] 18.248
[30,6] 42.059
[30,7] 54.562
[30,8] 44.204
[30,9] 8.485
[30,10] 9.22
[30,11] 21.26
[30,12] 27.459
[30,13] 53.038
[30,14] 48.384
[30,15] 24.597
[30,16] 15.232
[30,17] 31.257
[30,18] 41.437
[30,19] 47.127
[30,20] 31.016
[30,21] 15.524
[30,22] 34.0
[30,23] 51.614
[30,24] 55.902
[30,25] 52.173
[30,26] 51.4
[30,27] 35.0
[30,28] 42.72
[30,29] 21.0
[30,30] 0.0
[30,31] 46.957
[30,32] 27.586
[30,33] 20.809
[30,34] 6.708
[30,35] 36.222
[30,36] 42.297
[30,37] 26.476
[30,38] 15.264
[30,39] 12.042
[30,40] 57.009
[30,41] 49.031
[30,42] 40.719
[30,43] 64.637
[30,44] 30.463
[30,45] 25.495
[30,46] 28.636
[30,47] 33.377
[30,48] 43.278
[30,49] 10.05
[30,50] 10.198
[31,0] 29.833
[31,1] 17.0
[31,2] 23.324
[31,3] 15.811
[31,4] 46.239
[31,5] 39.115
[31,6] 27.203
[31,7] 20.881
[31,8] 9.22
[31,9] 39.0
[31,10] 50.0
[31,11] 28.443
[31,12] 37.483
[31,13] 54.406
[31,14] 36.797
[31,15] 53.009
[31,16] 31.765
[31,17] 47.074
[31,18] 41.183
[31,19] 60.926
[31,20] 22.825
[31,21] 36.797
[31,22] 13.0
[31,23] 24.187
[31,24] 33.615
[31,25] 43.139
[31,26] 10.05
[31,27] 22.136
[31,28] 6.325
[31,29] 29.698
[31,30] 46.957
[31,31] 0.0
[31,32] 23.022
[31,33] 59.682
[31,34] 43.267
[31,35] 25.71
[31,36] 26.0
[31,37] 47.265
[31,38] 34.928
[31,39] 58.31
[31,40] 70.661
[31,41] 58.592
[31,42] 61.131
[31,43] 32.388
[31,44] 54.452
[31,45] 59.034
[31,46] 30.414
[31,47] 38.897
[31,48] 18.439
[31,49] 42.45
[31,50] 37.216
[32,0] 10.0
[32,1] 6.083
[32,2] 11.402
[32,3] 22.804
[32,4] 26.907
[32,5] 16.125
[32,6] 17.029
[32,7] 27.019
[32,8] 17.464
[32,9] 19.105
[32,10] 28.178
[32,11] 6.403
[32,12] 15.652
[32,13] 39.115
[32,14] 26.306
[32,15] 30.067
[32,16] 14.866
[32,17] 25.495
[32,18] 24.698
[32,19] 41.4
[32,20] 22.472
[32,21] 24.331
[32,22] 11.705
[32,23] 24.597
[32,24] 30.594
[32,25] 32.016
[32,26] 24.597
[32,27] 8.246
[32,28] 21.587
[32,29] 20.1
[32,30] 27.586
[32,31] 23.022
[32,32] 0.0
[32,33] 36.878
[32,34] 26.42
[32,35] 29.411
[32,36] 33.971
[32,37] 24.739
[32,38] 13.038
[32,39] 37.443
[32,40] 51.856
[32,41] 40.311
[32,42] 39.812
[32,43] 37.59
[32,44] 32.016
[32,45] 36.014
[32,46] 9.22
[32,47] 19.105
[32,48] 15.811
[32,49] 20.591
[32,50] 20.125
[33,0] 34.0
[33,1] 42.953
[33,2] 39.115
[33,3] 54.332
[33,4] 30.529
[33,5] 20.881
[33,6] 44.654
[33,7] 60.415
[33,8] 54.12
[33,9] 23.77
[33,10] 12.083
[33,11] 31.257
[33,12] 26.627
[33,13] 43.658
[33,14] 46.69
[33,15] 11.662
[33,16] 31.575
[33,17] 23.022
[33,18] 37.014
[33,19] 33.136
[33,20] 49.244
[33,21] 35.777
[33,22] 47.17
[33,23] 55.758
[33,24] 56.639
[33,25] 48.01
[33,26] 61.033
[33,27] 41.231
[33,28] 57.079
[33,29] 39.85
[33,30] 20.809
[33,31] 59.682
[33,32] 36.878
[33,33] 0.0
[33,34] 27.459
[33,35] 55.362
[33,36] 61.4
[33,37] 18.439
[33,38] 25.02
[33,39] 13.928
[33,40] 41.195
[33,41] 36.674
[33,42] 25.0
[33,43] 67.801
[33,44] 16.763
[33,45] 7.0
[33,46] 32.202
[33,47] 30.414
[33,48] 49.659
[33,49] 18.111
[33,50] 28.792
[34,0] 31.78
[34,1] 30.61
[34,2] 20.0
[34,3] 32.28
[34,4] 41.593
[34,5] 21.213
[34,6] 42.379
[34,7] 53.254
[34,8] 41.725
[34,9] 9.0
[34,10] 15.62
[34,11] 20.616
[34,12] 30.017
[34,13] 56.569
[34,14] 49.82
[34,15] 30.232
[34,16] 12.042
[34,17] 35.44
[34,18] 44.0
[34,19] 52.0
[34,20] 25.318
[34,21] 9.055
[34,22] 30.61
[34,23] 51.0
[34,24] 56.303
[34,25] 54.231
[34,26] 48.795
[34,27] 34.438
[34,28] 38.471
[34,29] 15.297
[34,30] 6.708
[34,31] 43.267
[34,32] 26.42
[34,33] 27.459
[34,34] 0.0
[34,35] 30.017
[34,36] 36.056
[34,37] 31.016
[34,38] 16.125
[34,39] 18.111
[34,40] 62.169
[34,41] 53.451
[34,42] 46.141
[34,43] 64.008
[34,44] 35.847
[34,45] 31.828
[34,46] 29.614
[34,47] 36.014
[34,48] 42.19
[34,49] 13.928
[34,50] 6.403
[35,0] 39.408
[35,1] 27.313
[35,2] 19.105
[35,3] 10.05
[35,4] 55.973
[35,5] 39.661
[35,6] 44.011
[35,7] 45.0
[35,8] 31.016
[35,9] 31.623
[35,10] 43.417
[35,11] 29.732
[35,12] 43.841
[35,13] 68.505
[35,14] 54.231
[35,15] 53.712
[35,16] 24.166
[35,17] 53.151
[35,18] 54.083
[35,19] 70.007
[35,20] 7.071
[35,21] 21.0
[35,22] 20.881
[35,23] 46.39
[35,24] 55.109
[35,25] 60.415
[35,26] 35.355
[35,27] 35.341
[35,28] 19.416
[35,29] 15.524
[35,30] 36.222
[35,31] 25.71
[35,32] 29.411
[35,33] 55.362
[35,34] 30.017
[35,35] 0.0
[35,36] 6.083
[35,37] 50.804
[35,38] 32.757
[35,39] 48.094
[35,40] 80.61
[35,41] 69.426
[35,42] 67.007
[35,43] 57.009
[35,44] 57.689
[35,45] 57.775
[35,46] 38.419
[35,47] 48.27
[35,48] 37.855
[35,49] 37.696
[35,50] 26.683
[36,0] 43.932
[36,1] 31.064
[36,2] 24.413
[36,3] 12.083
[36,4] 60.811
[36,5] 45.277
[36,6] 47.413
[36,7] 46.39
[36,8] 32.757
[36,9] 37.643
[36,10] 49.477
[36,11] 35.0
[36,12] 48.918
[36,13] 72.801
[36,14] 57.706
[36,15] 59.481
[36,16] 30.083
[36,17] 58.412
[36,18] 58.412
[36,19] 75.073
[36,20] 12.53
[36,21] 27.019
[36,22] 24.187
[36,23] 48.508
[36,24] 57.567
[36,25] 64.008
[36,26] 36.014
[36,27] 39.115
[36,28] 20.1
[36,29] 21.587
[36,30] 42.297
[36,31] 26.0
[36,32] 33.971
[36,33] 61.4
[36,34] 36.056
[36,35] 6.083
[36,36] 0.0
[36,37] 56.303
[36,38] 38.471
[36,39] 54.148
[36,40] 85.633
[36,41] 74.25
[36,42] 72.422
[36,43] 58.215
[36,44] 63.285
[36,45] 63.695
[36,46] 43.139
[36,47] 53.038
[36,48] 40.497
[36,49] 43.658
[36,50] 32.757
[37,0] 18.111
[37,1] 30.414
[37,2] 31.906
[37,3] 46.519
[37,4] 12.649
[37,5] 11.314
[37,6] 27.313
[37,7] 43.658
[37,8] 40.012
[37,9] 22.825
[37,10] 19.026
[37,11] 21.471
[37,12] 10.05
[37,13] 27.166
[37,14] 28.284
[37,15] 7.211
[37,16] 27.586
[37,17] 5.099
[37,18] 18.601
[37,19] 21.024
[37,20] 43.829
[37,21] 36.056
[37,22] 36.401
[37,23] 38.484
[37,24] 38.419
[37,25] 29.682
[37,26] 46.271
[37,27] 26.077
[37,28] 46.325
[37,29] 36.77
[37,30] 26.476
[37,31] 47.265
[37,32] 24.739
[37,33] 18.439
[37,34] 31.016
[37,35] 50.804
[37,36] 56.303
[37,37] 0.0
[37,38] 18.385
[37,39] 27.893
[37,40] 31.385
[37,41] 22.561
[37,42] 16.279
[37,43] 49.93
[37,44] 7.28
[37,45] 13.892
[37,46] 17.0
[37,47] 12.207
[37,48] 33.734
[37,49] 17.088
[37,50] 28.302
[38,0] 15.811
[38,1] 18.788
[38,2] 14.56
[38,3] 29.833
[38,4] 26.571
[38,5] 7.071
[38,6] 26.833
[38,7] 39.598
[38,8] 30.414
[38,9] 7.28
[38,10] 15.232
[38,11] 6.708
[38,12] 14.318
[38,13] 41.231
[38,14] 33.734
[38,15] 21.024
[38,16] 9.22
[38,17] 21.633
[38,18] 28.071
[38,19] 38.833
[38,20] 25.942
[38,21] 18.385
[38,22] 22.204
[38,23] 36.401
[38,24] 40.719
[38,25] 38.118
[38,26] 37.59
[38,27] 19.849
[38,28] 32.062
[38,29] 18.385
[38,30] 15.264
[38,31] 34.928
[38,32] 13.038
[38,33] 25.02
[38,34] 16.125
[38,35] 32.757
[38,36] 38.471
[38,37] 18.385
[38,38] 0.0
[38,39] 24.413
[38,40] 49.406
[38,41] 39.357
[38,42] 34.655
[38,43] 49.406
[38,44] 25.0
[38,45] 25.71
[38,46] 13.601
[38,47] 20.224
[38,48] 28.284
[38,49] 7.616
[38,50] 11.18
[39,0] 38.288
[39,1] 43.046
[39,2] 35.44
[39,3] 49.497
[39,4] 40.522
[39,5] 24.207
[39,6] 49.679
[39,7] 63.781
[39,8] 54.708
[39,9] 19.313
[39,10] 10.0
[39,11] 31.064
[39,12] 32.757
[39,13] 54.918
[39,14] 54.203
[39,15] 23.022
[39,16] 26.926
[39,17] 32.985
[39,18] 45.695
[39,19] 46.043
[39,20] 43.046
[39,21] 27.166
[39,22] 45.31
[39,23] 60.108
[39,24] 63.008
[39,25] 56.859
[39,26] 61.911
[39,27] 43.932
[39,28] 54.406
[39,29] 33.015
[39,30] 12.042
[39,31] 58.31
[39,32] 37.443
[39,33] 13.928
[39,34] 18.111
[39,35] 48.094
[39,36] 54.148
[39,37] 27.893
[39,38] 24.413
[39,39] 0.0
[39,40] 54.745
[39,41] 49.041
[39,42] 38.328
[39,43] 72.918
[39,44] 29.0
[39,45] 20.616
[39,46] 36.125
[39,47] 38.013
[39,48] 52.498
[39,49] 17.029
[39,50] 22.204
[40,0] 42.202
[40,1] 56.036
[40,2] 61.522
[40,3] 74.653
[40,4] 25.0
[40,5] 42.438
[40,6] 44.011
[40,7] 58.249
[40,8] 61.741
[40,9] 54.203
[40,10] 48.384
[40,11] 50.931
[40,12] 36.77
[40,13] 19.0
[40,14] 36.674
[40,15] 32.573
[40,16] 58.6
[40,17] 27.803
[40,18] 29.547
[40,19] 10.63
[40,20] 73.539
[40,21] 67.417
[40,22] 63.008
[40,23] 52.173
[40,24] 46.098
[40,25] 32.062
[40,26] 65.788
[40,27] 48.877
[40,28] 71.868
[40,29] 67.624
[40,30] 57.009
[40,31] 70.661
[40,32] 51.856
[40,33] 41.195
[40,34] 62.169
[40,35] 80.61
[40,36] 85.633
[40,37] 31.385
[40,38] 49.406
[40,39] 54.745
[40,40] 0.0
[40,41] 12.083
[40,42] 16.492
[40,43] 58.0
[40,44] 26.571
[40,45] 34.234
[40,46] 42.638
[40,47] 32.802
[40,48] 52.924
[40,49] 48.301
[40,50] 59.682
[41,0] 30.48
[41,1] 44.204
[41,2] 50.448
[41,3] 63.032
[41,4] 13.454
[41,5] 32.696
[41,6] 31.953
[41,7] 46.53
[41,8] 49.659
[41,9] 44.944
[41,10] 41.195
[41,11] 40.0
[41,12] 25.807
[41,13] 9.434
[41,14] 25.08
[41,15] 26.019
[41,16] 48.374
[41,17] 18.028
[41,18] 17.464
[41,19] 5.0
[41,20] 62.37
[41,21] 57.697
[41,22] 51.225
[41,23] 40.447
[41,24] 35.057
[41,25] 21.213
[41,26] 53.759
[41,27] 36.892
[41,28] 59.908
[41,29] 57.14
[41,30] 49.031
[41,31] 58.592
[41,32] 40.311
[41,33] 36.674
[41,34] 53.451
[41,35] 69.426
[41,36] 74.25
[41,37] 22.561
[41,38] 39.357
[41,39] 49.041
[41,40] 12.083
[41,41] 0.0
[41,42] 13.038
[41,43] 47.265
[41,44] 20.1
[41,45] 29.833
[41,46] 31.113
[41,47] 21.213
[41,48] 40.853
[41,49] 39.56
[41,50] 50.16
[42,0] 31.321
[42,1] 44.944
[42,2] 48.01
[42,3] 62.266
[42,4] 16.031
[42,5] 27.586
[42,6] 37.0
[42,7] 53.151
[42,8] 52.953
[42,9] 38.601
[42,10] 31.953
[42,11] 37.443
[42,12] 24.166
[42,13] 21.932
[42,14] 33.242
[42,15] 16.155
[42,16] 43.841
[42,17] 14.318
[42,18] 23.345
[42,19] 8.544
[42,20] 60.0
[42,21] 52.01
[42,22] 51.478
[42,23] 47.265
[42,24] 43.966
[42,25] 31.305
[42,26] 58.31
[42,27] 39.051
[42,28] 61.098
[42,29] 53.038
[42,30] 40.719
[42,31] 61.131
[42,32] 39.812
[42,33] 25.0
[42,34] 46.141
[42,35] 67.007
[42,36] 72.422
[42,37] 16.279
[42,38] 34.655
[42,39] 38.328
[42,40] 16.492
[42,41] 13.038
[42,42] 0.0
[42,43] 56.321
[42,44] 10.296
[42,45] 18.0
[42,46] 31.016
[42,47] 22.361
[42,48] 45.177
[42,49] 32.45
[42,50] 44.204
[43,0] 34.655
[43,1] 34.176
[43,2] 46.487
[43,3] 47.0
[43,4] 40.853
[43,5] 48.795
[43,6] 23.345
[43,7] 12.042
[43,8] 26.077
[43,9] 56.303
[43,10] 62.968
[43,11] 43.566
[43,12] 41.231
[43,13] 39.0
[43,14] 23.087
[43,15] 57.14
[43,16] 52.326
[43,17] 46.53
[43,18] 33.242
[43,19] 51.624
[43,20] 52.345
[43,21] 61.098
[43,22] 37.656
[43,23] 13.038
[43,24] 12.369
[43,25] 26.077
[43,26] 22.361
[43,27] 29.682
[43,28] 38.118
[43,29] 55.362
[43,30] 64.637
[43,31] 32.388
[43,32] 37.59
[43,33] 67.801
[43,34] 64.008
[43,35] 57.009
[43,36] 58.215
[43,37] 49.93
[43,38] 49.406
[43,39] 72.918
[43,40] 58.0
[43,41] 47.265
[43,42] 56.321
[43,43] 0.0
[43,44] 55.009
[43,45] 63.812
[43,46] 36.797
[43,47] 37.736
[43,48] 21.932
[43,49] 56.08
[43,50] 57.706
[44,0] 25.0
[44,1] 37.656
[44,2] 38.949
[44,3] 53.712
[44,4] 14.866
[44,5] 18.028
[44,6] 33.242
[44,7] 49.729
[44,8] 47.011
[44,9] 28.425
[44,10] 21.84
[44,11] 28.636
[44,12] 17.029
[44,13] 26.926
[44,14] 32.45
[44,15] 6.083
[44,16] 34.059
[44,17] 8.544
[44,18] 22.204
[44,19] 17.117
[44,20] 50.774
[44,21] 41.869
[44,22] 43.681
[44,23] 44.272
[44,24] 43.046
[44,25] 32.527
[44,26] 53.085
[44,27] 33.0
[44,28] 53.6
[44,29] 43.278
[44,30] 30.463
[44,31] 54.452
[44,32] 32.016
[44,33] 16.763
[44,34] 35.847
[44,35] 57.689
[44,36] 63.285
[44,37] 7.28
[44,38] 25.0
[44,39] 29.0
[44,40] 26.571
[44,41] 20.1
[44,42] 10.296
[44,43] 55.009
[44,44] 0.0
[44,45] 10.296
[44,46] 24.083
[44,47] 17.72
[44,48] 40.311
[44,49] 22.204
[44,50] 34.059
[45,0] 31.321
[45,1] 42.048
[45,2] 40.262
[45,3] 55.543
[45,4] 24.839
[45,5] 20.025
[45,6] 41.146
[45,7] 57.385
[45,8] 52.612
[45,9] 26.42
[45,10] 16.279
[45,11] 31.145
[45,12] 23.409
[45,13] 37.162
[45,14] 41.869
[45,15] 6.708
[45,16] 33.615
[45,17] 17.692
[45,18] 31.828
[45,19] 26.173
[45,20] 51.264
[45,21] 39.408
[45,22] 47.096
[45,23] 52.326
[45,24] 52.202
[45,25] 42.521
[45,26] 59.228
[45,27] 39.051
[45,28] 57.14
[45,29] 42.485
[45,30] 25.495
[45,31] 59.034
[45,32] 36.014
[45,33] 7.0
[45,34] 31.828
[45,35] 57.775
[45,36] 63.695
[45,37] 13.892
[45,38] 25.71
[45,39] 20.616
[45,40] 34.234
[45,41] 29.833
[45,42] 18.0
[45,43] 63.812
[45,44] 10.296
[45,45] 0.0
[45,46] 29.833
[45,47] 26.077
[45,48] 47.127
[45,49] 20.125
[45,50] 31.906
[46,0] 2.236
[46,1] 13.928
[46,2] 19.723
[46,3] 32.016
[46,4] 17.692
[46,5] 12.042
[46,6] 13.601
[46,7] 28.302
[46,8] 23.022
[46,9] 20.881
[46,10] 26.173
[46,11] 10.198
[46,12] 7.071
[46,13] 30.414
[46,14] 20.224
[46,15] 23.345
[46,16] 20.1
[46,17] 16.763
[46,18] 16.155
[46,19] 32.202
[46,20] 31.401
[46,21] 30.15
[46,22] 20.591
[46,23] 24.083
[46,24] 27.295
[46,25] 25.02
[46,26] 29.428
[46,27] 9.22
[46,28] 30.083
[46,29] 27.514
[46,30] 28.636
[46,31] 30.414
[46,32] 9.22
[46,33] 32.202
[46,34] 29.614
[46,35] 38.419
[46,36] 43.139
[46,37] 17.0
[46,38] 13.601
[46,39] 36.125
[46,40] 42.638
[46,41] 31.113
[46,42] 31.016
[46,43] 36.797
[46,44] 24.083
[46,45] 29.833
[46,46] 0.0
[46,47] 9.899
[46,48] 17.464
[46,49] 19.416
[46,50] 24.083
[47,0] 9.434
[47,1] 23.324
[47,2] 29.411
[47,3] 41.869
[47,4] 7.81
[47,5] 15.133
[47,6] 15.524
[47,7] 32.016
[47,8] 30.594
[47,9] 27.019
[47,10] 28.231
[47,11] 19.235
[47,12] 6.0
[47,13] 21.19
[47,14] 16.401
[47,15] 19.416
[47,16] 28.46
[47,17] 9.22
[47,18] 8.062
[47,19] 22.472
[47,20] 41.231
[47,21] 38.328
[47,22] 30.232
[47,23] 26.571
[47,24] 26.249
[47,25] 18.974
[47,26] 36.056
[47,27] 16.763
[47,28] 39.357
[47,29] 36.674
[47,30] 33.377
[47,31] 38.897
[47,32] 19.105
[47,33] 30.414
[47,34] 36.014
[47,35] 48.27
[47,36] 53.038
[47,37] 12.207
[47,38] 20.224
[47,39] 38.013
[47,40] 32.802
[47,41] 21.213
[47,42] 22.361
[47,43] 37.736
[47,44] 17.72
[47,45] 26.077
[47,46] 9.899
[47,47] 0.0
[47,48] 23.0
[47,49] 23.345
[47,50] 31.401
[48,0] 15.811
[48,1] 12.369
[48,2] 24.739
[48,3] 28.46
[48,4] 29.428
[48,5] 29.155
[48,6] 8.944
[48,7] 11.314
[48,8] 9.22
[48,9] 34.828
[48,10] 42.802
[48,11] 22.023
[48,12] 23.77
[48,13] 36.056
[48,14] 18.385
[48,15] 40.522
[48,16] 30.414
[48,17] 32.062
[48,18] 23.409
[48,19] 43.681
[48,20] 32.14
[48,21] 39.217
[48,22] 17.117
[48,23] 9.22
[48,24] 17.263
[48,25] 24.759
[48,26] 13.153
[48,27] 8.602
[48,28] 21.633
[48,29] 33.734
[48,30] 43.278
[48,31] 18.439
[48,32] 15.811
[48,33] 49.659
[48,34] 42.19
[48,35] 37.855
[48,36] 40.497
[48,37] 33.734
[48,38] 28.284
[48,39] 52.498
[48,40] 52.924
[48,41] 40.853
[48,42] 45.177
[48,43] 21.932
[48,44] 40.311
[48,45] 47.127
[48,46] 17.464
[48,47] 23.0
[48,48] 0.0
[48,49] 35.468
[48,50] 35.847
[49,0] 21.633
[49,1] 26.401
[49,2] 21.024
[49,3] 36.222
[49,4] 28.071
[49,5] 8.246
[49,6] 33.015
[49,7] 46.755
[49,8] 38.013
[49,9] 6.403
[49,10] 7.616
[49,11] 14.318
[49,12] 17.464
[49,13] 43.105
[49,14] 38.626
[49,15] 16.971
[49,16] 13.601
[49,17] 21.587
[49,18] 31.401
[49,19] 38.079
[49,20] 31.321
[49,21] 19.799
[49,22] 29.614
[49,23] 43.186
[49,24] 46.648
[49,25] 42.202
[49,26] 45.177
[49,27] 26.907
[49,28] 39.319
[49,29] 22.361
[49,30] 10.05
[49,31] 42.45
[49,32] 20.591
[49,33] 18.111
[49,34] 13.928
[49,35] 37.696
[49,36] 43.658
[49,37] 17.088
[49,38] 7.616
[49,39] 17.029
[49,40] 48.301
[49,41] 39.56
[49,42] 32.45
[49,43] 56.08
[49,44] 22.204
[49,45] 20.125
[49,46] 19.416
[49,47] 23.345
[49,48] 35.468
[49,49] 0.0
[49,50] 12.042
[50,0] 26.173
[50,1] 24.207
[50,2] 13.892
[50,3] 27.295
[50,4] 37.643
[50,5] 17.464
[50,6] 36.401
[50,7] 46.872
[50,8] 35.355
[50,9] 5.657
[50,10] 16.763
[50,11] 14.56
[50,12] 25.495
[50,13] 52.393
[50,14] 44.283
[50,15] 29.0
[50,16] 5.657
[50,17] 32.202
[50,18] 39.205
[50,19] 49.244
[50,20] 21.024
[50,21] 7.81
[50,22] 24.413
[50,23] 44.721
[50,24] 50.289
[50,25] 49.01
[50,26] 42.45
[50,27] 28.231
[50,28] 32.696
[50,29] 11.18
[50,30] 10.198
[50,31] 37.216
[50,32] 20.125
[50,33] 28.792
[50,34] 6.403
[50,35] 26.683
[50,36] 32.757
[50,37] 28.302
[50,38] 11.18
[50,39] 22.204
[50,40] 59.682
[50,41] 50.16
[50,42] 44.204
[50,43] 57.706
[50,44] 34.059
[50,45] 31.906
[50,46] 24.083
[50,47] 31.401
[50,48] 35.847
[50,49] 12.042
[50,50] 0.0

Economias: 
[(35, 36), 77.25712373315542]
[(36, 35), 77.25712373315542]
[(20, 35), 64.7870146577865]
[(35, 20), 64.7870146577865]
[(3, 36), 64.40636049158243]
[(36, 3), 64.40636049158243]
[(20, 36), 63.85176266601183]
[(36, 20), 63.85176266601183]
[(19, 40), 63.477862146371365]
[(40, 19), 63.477862146371365]
[(3, 35), 61.915886561554586]
[(35, 3), 61.915886561554586]
[(40, 41), 60.598351026680156]
[(41, 40), 60.598351026680156]
[(33, 39), 58.35999116096918]
[(39, 33), 58.35999116096918]
[(33, 45), 58.32091952673164]
[(45, 33), 58.32091952673164]
[(19, 41), 57.385613575343974]
[(41, 19), 57.385613575343974]
[(3, 20), 57.197352995468655]
[(20, 3), 57.197352995468655]
[(30, 39), 57.11748294022725]
[(39, 30), 57.11748294022725]
[(40, 42), 57.03039271627938]
[(42, 40), 57.03039271627938]
[(10, 39), 56.60798395516588]
[(39, 10), 56.60798395516588]
[(30, 34), 55.9429913125083]
[(34, 30), 55.9429913125083]
[(21, 34), 54.78755110976679]
[(34, 21), 54.78755110976679]
[(19, 42), 54.68302804850175]
[(42, 19), 54.68302804850175]
[(21, 29), 53.97177608995689]
[(29, 21), 53.97177608995689]
[(28, 36), 53.7986621582792]
[(36, 28), 53.7986621582792]
[(28, 31), 53.47496058755924]
[(31, 28), 53.47496058755924]
[(3, 28), 53.037456339237664]
[(28, 3), 53.037456339237664]
[(29, 35), 53.00438585133811]
[(35, 29), 53.00438585133811]
[(13, 40), 52.35665516624488]
[(40, 13), 52.35665516624488]
[(34, 39), 51.95810632601986]
[(39, 34), 51.95810632601986]
[(34, 50), 51.54987758331336]
[(50, 34), 51.54987758331336]
[(20, 29), 51.52052541517709]
[(29, 20), 51.52052541517709]
[(29, 36), 51.46517168517677]
[(36, 29), 51.46517168517677]
[(21, 35), 50.47056007423886]
[(35, 21), 50.47056007423886]
[(21, 50), 50.424694064460944]
[(50, 21), 50.424694064460944]
[(10, 33), 50.23655854341802]
[(33, 10), 50.23655854341802]
[(13, 41), 50.20027965042624]
[(41, 13), 50.20027965042624]
[(10, 30), 49.97075814058597]
[(30, 10), 49.97075814058597]
[(28, 35), 49.958281279071855]
[(35, 28), 49.958281279071855]
[(15, 45), 49.35134934793824]
[(45, 15), 49.35134934793824]
[(7, 43), 49.03354195078043]
[(43, 7), 49.03354195078043]
[(39, 45), 48.99377083679664]
[(45, 39), 48.99377083679664]
[(21, 36), 48.9756921845278]
[(36, 21), 48.9756921845278]
[(41, 42), 48.76201602458269]
[(42, 41), 48.76201602458269]
[(26, 31), 47.94324783988915]
[(31, 26), 47.94324783988915]
[(31, 36), 47.764633053330186]
[(36, 31), 47.764633053330186]
[(20, 21), 47.74934594869848]
[(21, 20), 47.74934594869848]
[(21, 30), 47.40896246836903]
[(30, 21), 47.40896246836903]
[(24, 43), 47.34605819775727]
[(43, 24), 47.34605819775727]
[(15, 33), 47.07672996401536]
[(33, 15), 47.07672996401536]
[(30, 50), 46.84516371028549]
[(50, 30), 46.84516371028549]
[(13, 19), 46.63866663945817]
[(19, 13), 46.63866663945817]
[(3, 31), 46.579120671710115]
[(31, 3), 46.579120671710115]
